-42.041451 117.597328 55.078819
-58.095802 98.783600 102.939041
-80.006859 119.514771 71.227699
-90.866371 136.350571 49.040367
-104.932190 142.720337 35.526237
-64.937073 126.040985 35.832645
-69.480782 132.926773 -0.920988
-72.022728 141.065338 -20.321968
-73.740479 149.364014 -32.674541
-45.675640 124.582809 34.005280
-42.952335 134.466599 -6.992989
-42.031288 145.792740 -29.184969
-41.864349 156.219879 -41.940910
-26.290192 122.090012 38.146305
-21.332123 133.824478 1.101719
-19.526688 147.293274 -19.029161
-19.152912 159.472046 -29.978760
-9.009872 122.218506 45.482357
5.002340 144.211319 28.716595
9.286517 160.120865 23.962055
10.332570 175.180649 23.253170
