10.675472 124.031609 65.985245
-42.173569 118.703018 96.873009
-32.509602 102.312241 50.724155
-13.436173 83.114273 29.984043
-4.383734 72.346123 11.280333
7.513577 135.239502 32.505306
-0.038875 94.285248 21.947042
-11.038724 83.312119 40.461956
-17.472878 84.046806 56.272701
24.760406 131.171341 45.761520
13.147117 87.783607 28.271109
-6.525250 75.919823 45.030506
-17.464027 77.174690 60.259026
37.425175 124.518021 63.498013
25.711939 85.379738 45.407650
4.036742 75.030373 59.209003
-8.418818 76.806320 73.021927
46.373688 114.292595 80.046204
34.959274 86.004280 62.164486
17.733553 80.357544 69.508560
4.959728 82.554535 80.871216
