-26.226576 203.740570 78.604927
-9.069864 181.016663 120.604279
12.713131 177.031601 85.835381
13.136238 170.843521 58.370857
0.358889 165.458008 44.907646
-5.514223 213.040543 60.128159
-2.937371 187.753082 35.376961
-5.393881 168.990967 41.728992
-7.947617 160.662231 52.827793
-23.696560 214.785782 60.700470
-17.687864 241.656464 31.956459
-13.730585 256.181000 13.933673
-10.875797 264.918060 1.430207
-41.752747 212.852524 65.633575
-45.349117 239.813339 40.703053
-47.383678 255.856842 24.522987
-48.628498 266.227722 13.167027
-57.728775 207.078049 70.540710
-78.175713 221.480118 55.470055
-89.471092 228.865997 46.596485
-99.391670 234.881958 38.350147
