7.236695 102.705711 14.729550
2.739291 72.767357 59.192215
-28.823730 78.214462 29.464184
-37.466331 76.182739 0.966694
-30.754337 70.716400 -17.603142
-16.995165 121.133850 8.713017
-18.411224 151.728668 -13.116314
-27.385672 141.629944 -29.401373
-28.372358 127.869385 -23.622568
0.506466 118.912430 0.708023
1.715613 152.337082 -25.018524
-12.059758 140.983856 -42.369720
-14.197741 126.682175 -34.525543
18.666393 111.904602 -3.656547
20.884073 141.935287 -28.619473
6.334478 131.540421 -45.001778
3.098115 117.477028 -37.302063
33.743416 101.472351 -7.558037
39.521366 123.088089 -28.948805
28.369738 117.324463 -40.593529
22.211498 105.258163 -33.946812
