6.814957 198.088959 126.925476
-20.483223 164.287567 153.345322
-36.078121 184.449554 120.836121
-40.477757 196.703537 95.802956
-51.707809 206.614777 83.523689
-8.869467 217.060333 110.967773
-12.966278 236.198273 81.284782
-15.279548 246.279022 64.163498
-16.917566 253.017410 51.841206
8.961134 215.387222 114.798653
17.648386 233.631943 80.406456
22.563311 243.601669 59.663757
25.701441 249.781235 45.741760
25.447268 208.723892 121.077782
36.567795 228.646698 91.981155
43.234764 240.352234 73.431015
47.605103 247.893570 60.659424
39.531776 198.915421 125.484764
63.882706 214.150345 119.897903
77.343933 221.754150 115.104645
89.054634 227.697693 109.535477
